{
 "cells": [
  {
   "cell_type": "code",
   "execution_count": 46,
   "metadata": {
    "metadata": {}
   },
   "outputs": [],
   "source": [
    "#Library Imports\n",
    "import pandas as pd\n",
    "import numpy as np\n",
    "import os"
   ]
  },
  {
   "cell_type": "code",
   "execution_count": 47,
   "metadata": {},
   "outputs": [],
   "source": [
    "#PRICING STRATEGIES\n",
    "\n",
    "#BENCHMARKS\n",
    "\n",
    "#Strategy 1\n",
    "def buy_and_hold(b, price_relative_vectors):\n",
    "    \n",
    "    # Initialize an array to hold portfolio weights over time\n",
    "    b_n = np.zeros_like(price_relative_vectors)\n",
    "    \n",
    "    # Set initial allocation\n",
    "    b_n[0] = b\n",
    "    \n",
    "    # Calculate portfolio evolution without rebalancing\n",
    "    for i in range(1, len(price_relative_vectors)):\n",
    "        # The portfolio grows according to the price relatives\n",
    "        b_n[i] = b_n[i-1] * price_relative_vectors[i-1]\n",
    "        \n",
    "        # Normalize to get portfolio weights (optional, if you want to track relative proportions)\n",
    "        b_n[i] /= np.sum(b_n[i])\n",
    "    \n",
    "    return b_n\n",
    "\n",
    "#Strategy 2\n",
    "def best_stock(b, price_relative_vectors):\n",
    "    b_n = np.zeros_like(price_relative_vectors)  # Initialize portfolio weights to zeros\n",
    "    b_n[0,:] = np.ones(len(b)) / len(b)\n",
    "\n",
    "    for i in range(1, len(price_relative_vectors)):\n",
    "        # Find the index of the stock with the highest price relative in the current period\n",
    "        best_stock_index = np.argmax(price_relative_vectors[i-1])\n",
    "        \n",
    "        # Allocate all the weight to the best stock for that period\n",
    "        b_n[i, best_stock_index] = 1\n",
    "    \n",
    "    return b_n\n",
    "\n",
    "#Strategy 3\n",
    "def constant_rebalancing(b, price_relative_vectors):\n",
    "    return np.array([b for _ in range(len(price_relative_vectors))])\n",
    "\n",
    "\n",
    "#FOLLOW-THE-WINNER\n",
    "\n",
    "#Strategy 4\n",
    "\n",
    "def universal_portfolios(b, price_relative_vectors):\n",
    "    T, N = price_relative_vectors.shape  # T is the number of time periods, N is the number of stocks\n",
    "    portfolios = np.random.dirichlet(np.ones(N), N)  # Initialize random portfolios on simplex\n",
    "    portfolio_weights = np.zeros((T, N))  # To store the universal portfolio's weights over time\n",
    "    \n",
    "    # Initialize wealth for each portfolio\n",
    "    wealth = np.ones(N)\n",
    "    \n",
    "    for t in range(T):\n",
    "        # Update wealth for each portfolio based on the price relatives for time t\n",
    "        wealth *= portfolios.dot(price_relative_vectors[t-1])\n",
    "        \n",
    "        # Compute the average portfolio weights (weighted by their wealth)\n",
    "        average_weights = np.average(portfolios, axis=0, weights=wealth)\n",
    "        \n",
    "        # Store the universal portfolio's weights for time t\n",
    "        portfolio_weights[t] = average_weights\n",
    "    \n",
    "    return portfolio_weights\n",
    "\n",
    "#Strategy 5\n",
    "\n",
    "def exponential_gradient(b, price_relative_vectors, learning_rate = .5):\n",
    "\n",
    "    T, N = price_relative_vectors.shape  # T is the number of time periods, N is the number of assets\n",
    "    b_n = np.zeros_like(price_relative_vectors)  # To store portfolio weights over time\n",
    "    b_n[0] = b  # Set initial portfolio allocation\n",
    "\n",
    "    for t in range(T - 1):\n",
    "        # Calculate the portfolio return at time t\n",
    "        portfolio_return = np.dot(b_n[t], price_relative_vectors[t])\n",
    "\n",
    "        for i in range(N):\n",
    "            # Apply Helmbold's update rule for each asset\n",
    "            b_n[t + 1, i] = b_n[t, i] * (learning_rate * (price_relative_vectors[t, i] / portfolio_return - 1) + 1)\n",
    "        \n",
    "        # Normalize the portfolio weights to sum to 1 after the update\n",
    "        b_n[t + 1] /= np.sum(b_n[t + 1])\n",
    "\n",
    "    return b_n\n",
    "    \n",
    "#Strategy 6\n",
    "def follow_the_leader(b, price_relative_vectors, gamma = .5):\n",
    "    T, N = price_relative_vectors.shape  # T is the number of time periods, N is the number of assets\n",
    "    b_n = np.zeros_like(price_relative_vectors)  # Initialize portfolio weights over time\n",
    "    b_n[0] = b  # Set initial allocation\n",
    "    \n",
    "    # Iterate over time periods\n",
    "    for t in range(1, T):\n",
    "        # Compute the BCRP up to time t (by maximizing the log cumulative return)\n",
    "        cumulative_log_returns = np.sum(np.log(price_relative_vectors[:t]), axis=0)  # Sum log returns up to t\n",
    "        b_star = np.exp(cumulative_log_returns)  # Exponentiate to get the proportional weights\n",
    "        b_star /= np.sum(b_star)  # Normalize to ensure portfolio sums to 1\n",
    "        \n",
    "        # Update portfolio using the convex combination of b_star and b_t with parameter gamma\n",
    "        b_n[t] = (1 - gamma) * b_star + gamma * b_n[t - 1]\n",
    "        \n",
    "        # Normalize again to ensure the portfolio sums to 1 (optional but helps maintain valid portfolio)\n",
    "        b_n[t] /= np.sum(b_n[t])\n",
    "\n",
    "    return b_n\n",
    "\n",
    "#Strategy 7\n",
    "\n",
    "# Helper function: Project a vector onto the simplex\n",
    "def project_to_simplex(v):\n",
    "    \"\"\" Project the vector v onto the probability simplex (sum to 1 and all entries >= 0) \"\"\"\n",
    "    n = len(v)\n",
    "    u = np.sort(v)[::-1]\n",
    "    cssv = np.cumsum(u) - 1\n",
    "    rho = np.nonzero(u > cssv / np.arange(1, n+1))[0][-1]\n",
    "    theta = cssv[rho] / (rho + 1.0)\n",
    "    return np.maximum(v - theta, 0)\n",
    "\n",
    "# Online Newton Step (ONS) with L2-regularization\n",
    "def follow_the_regularized_leader(b, price_relative_vectors, beta=.1, delta=0.5):\n",
    "    T, N = price_relative_vectors.shape  # T is the number of time periods, N is the number of assets\n",
    "    b_n = np.zeros_like(price_relative_vectors)  # Initialize portfolio weights over time\n",
    "    b_n[0] = b  # Equal allocation initially\n",
    "    \n",
    "    # Initialize A_t as the identity matrix\n",
    "    A_t = np.eye(N)\n",
    "    \n",
    "    for t in range(1, T):\n",
    "        # Calculate portfolio return at time t\n",
    "        portfolio_return = np.dot(b_n[t - 1], price_relative_vectors[t - 1])\n",
    "        \n",
    "        # Compute the price relatives outer product for A_t update\n",
    "        x_t = price_relative_vectors[t - 1]\n",
    "        A_t += np.outer(x_t, x_t) / (portfolio_return ** 2) + np.eye(N)\n",
    "        \n",
    "        # Compute p_t (the gradient-like vector)\n",
    "        p_t = (1 + (1 / beta)) * np.sum([x_t / (np.dot(b_n[τ], price_relative_vectors[τ])) for τ in range(t)], axis=0)\n",
    "        \n",
    "        # Compute the next portfolio using the ONS update rule\n",
    "        b_n[t] = np.dot(np.linalg.inv(A_t), p_t) * delta\n",
    "        \n",
    "        # Project the updated portfolio onto the simplex to ensure it's valid\n",
    "        b_n[t] = project_to_simplex(b_n[t])\n",
    "    \n",
    "    return b_n\n",
    "\n",
    "\n",
    "#Strategy 8\n",
    "# Aggregating Algorithm (AA) by Vovk and Watkins\n",
    "def aggregation_based(b, price_relative_vectors, learning_rate=0.5):\n",
    "    T, N = price_relative_vectors.shape  # T is the number of time periods, N is the number of assets\n",
    "    b_n = np.zeros_like(price_relative_vectors)  # Initialize portfolio weights over time\n",
    "    b_n[0] = b  # Set initial portfolio allocation\n",
    "    \n",
    "    # Generate a set of base portfolios (experts) using Dirichlet distribution for diversity\n",
    "    base_portfolios = np.random.dirichlet(np.ones(N), N)\n",
    "    \n",
    "    # Initialize the prior weights P_0(db) (uniform over the base portfolios)\n",
    "    prior_weights = np.ones(N) / N\n",
    "    \n",
    "    for t in range(T):\n",
    "        # Compute the performance of each base portfolio up to time t\n",
    "        portfolio_performance = np.prod([np.dot(base_portfolios, price_relative_vectors[i]) for i in range(t)], axis=0)\n",
    "        \n",
    "        # Update the weights of the base portfolios based on their performance\n",
    "        adjusted_weights = prior_weights * portfolio_performance**learning_rate\n",
    "        # Normalize the weights\n",
    "        adjusted_weights /= np.sum(adjusted_weights)\n",
    "        \n",
    "        # Compute the new portfolio as a weighted average of the base portfolios\n",
    "        b_n[t] = np.dot(adjusted_weights, base_portfolios)\n",
    "    \n",
    "    return b_n\n",
    "\n",
    "\n",
    "\n",
    "\n"
   ]
  },
  {
   "cell_type": "code",
   "execution_count": 48,
   "metadata": {},
   "outputs": [],
   "source": [
    "def initialize_portfolio(m):\n",
    "    return np.ones(m) / m\n",
    "\n",
    "def calculate_price_relative_vectors(folder_path, tickers):\n",
    "    \"\"\"\n",
    "    Function to calculate the price relative vector for multiple stocks and return them side by side.\n",
    "\n",
    "    Parameters:\n",
    "    folder_path (str): The path to the folder containing the stock data.\n",
    "    tickers (list): List of stock tickers to process.\n",
    "\n",
    "    Returns:\n",
    "    pd.DataFrame: A dataframe containing price relative vectors for each stock.\n",
    "    \"\"\"\n",
    "\n",
    "    # Get list of all folder names that start with 'allstocks'\n",
    "    folder_names = [name for name in os.listdir(folder_path) \n",
    "                    if os.path.isdir(os.path.join(folder_path, name)) and name.startswith('allstocks')]\n",
    "\n",
    "    # Initialize an empty dataframe to store price relative vectors for all tickers\n",
    "    price_relative_df = pd.DataFrame()\n",
    "\n",
    "    # Column names expected in the CSV files\n",
    "    column_names = ['Date', 'Time', 'Open', 'High', 'Low', 'Close', 'Volume', 'Split Factor', 'Earnings', 'Dividends']\n",
    "\n",
    "    # Loop through each ticker\n",
    "    for ticker in tickers:\n",
    "        # Initialize an empty dataframe for the current ticker\n",
    "        close_price_df = pd.DataFrame(columns=['Ticker', 'Date', 'Close'])\n",
    "\n",
    "        # Loop through each folder (date)\n",
    "        for date in folder_names: \n",
    "            stock_file = 'table_' + ticker + '.csv'\n",
    "            file_path = os.path.join(folder_path, date, stock_file)\n",
    "\n",
    "            # Load Data\n",
    "            iter_df = pd.read_csv(file_path)\n",
    "            iter_df.columns = column_names\n",
    "\n",
    "            # Get Closing Price at End of Day\n",
    "            last_row = iter_df[['Date', 'Close']].iloc[-1]\n",
    "            last_row['Ticker'] = ticker\n",
    "\n",
    "            # Append to the dataframe\n",
    "            close_price_df = pd.concat([close_price_df, last_row.to_frame().T], ignore_index=True)\n",
    "\n",
    "        # Convert Date to datetime and set as index\n",
    "        close_price_df['Date'] = close_price_df['Date'].astype(int)\n",
    "        close_price_df['Date'] = pd.to_datetime(close_price_df['Date'], format='%Y%m%d')\n",
    "        close_price_df.set_index('Date', inplace=True)\n",
    "\n",
    "        # Calculate Price Relative Vector\n",
    "        close_price_df[ticker] = (close_price_df['Close'] / close_price_df['Close'].shift(1)).fillna(1)\n",
    "\n",
    "        # Add the ticker's price relative vector to the final dataframe\n",
    "        if price_relative_df.empty:\n",
    "            price_relative_df = close_price_df[[ticker]]\n",
    "        else:\n",
    "            price_relative_df = price_relative_df.join(close_price_df[[ticker]], how='outer')\n",
    "\n",
    "    return price_relative_df\n",
    "\n",
    "def calculate_period_return(b_t, x_t):\n",
    "    \"\"\"\n",
    "    Calculate the return of the portfolio in a single period.\n",
    "    \n",
    "    Parameters:\n",
    "    b_t : array-like\n",
    "        Portfolio vector at time t.\n",
    "    x_t : array-like\n",
    "        Price relative vector at time t.\n",
    "    \n",
    "    Returns:\n",
    "    float : Portfolio period return\n",
    "    \"\"\"\n",
    "    return np.dot(b_t, x_t)\n",
    "\n",
    "def calculate_cumulative_wealth(b_n_1, price_relative_vectors, S0=1):\n",
    "    \"\"\"\n",
    "    Calculate the cumulative wealth over n periods given a portfolio strategy.\n",
    "    \n",
    "    Parameters:\n",
    "    b_n_1 : list of portfolio vectors\n",
    "        A list of portfolio vectors for each period.\n",
    "    price_relative_vectors : array-like\n",
    "        A matrix of price relative vectors for each period.\n",
    "    S0 : float, optional\n",
    "        Initial wealth (default is 1).\n",
    "    \n",
    "    Returns:\n",
    "    float : Cumulative wealth after n periods.\n",
    "    \"\"\"\n",
    "    cumulative_wealth = S0\n",
    "    for t, x_t in enumerate(price_relative_vectors):\n",
    "        # Calculate portfolio return for period t\n",
    "        period_return = calculate_period_return(b_n_1[t], x_t)\n",
    "        # Update cumulative wealth\n",
    "        cumulative_wealth *= period_return\n",
    "    return cumulative_wealth\n",
    "\n",
    "def calculate_exponential_growth_rate(Sn, n, S0=1):\n",
    "    \"\"\"\n",
    "    Calculate the exponential growth rate (Wn) after n periods.\n",
    "    \n",
    "    Parameters:\n",
    "    Sn : float\n",
    "        Final cumulative wealth.\n",
    "    n : int\n",
    "        Number of periods.\n",
    "    \n",
    "    Returns:\n",
    "    float : Exponential growth rate.\n",
    "    \"\"\"\n",
    "    return (1 / n) * np.log(Sn / S0)\n"
   ]
  },
  {
   "cell_type": "code",
   "execution_count": 49,
   "metadata": {},
   "outputs": [
    {
     "name": "stderr",
     "output_type": "stream",
     "text": [
      "C:\\Users\\nlahanis\\AppData\\Local\\Temp\\ipykernel_11944\\3025884619.py:53: FutureWarning: Downcasting object dtype arrays on .fillna, .ffill, .bfill is deprecated and will change in a future version. Call result.infer_objects(copy=False) instead. To opt-in to the future behavior, set `pd.set_option('future.no_silent_downcasting', True)`\n",
      "  close_price_df[ticker] = (close_price_df['Close'] / close_price_df['Close'].shift(1)).fillna(1)\n",
      "C:\\Users\\nlahanis\\AppData\\Local\\Temp\\ipykernel_11944\\3025884619.py:53: FutureWarning: Downcasting object dtype arrays on .fillna, .ffill, .bfill is deprecated and will change in a future version. Call result.infer_objects(copy=False) instead. To opt-in to the future behavior, set `pd.set_option('future.no_silent_downcasting', True)`\n",
      "  close_price_df[ticker] = (close_price_df['Close'] / close_price_df['Close'].shift(1)).fillna(1)\n"
     ]
    },
    {
     "name": "stdout",
     "output_type": "stream",
     "text": [
      "[[0.07445525 0.45551192 0.47003283]\n",
      " [0.07445525 0.45551192 0.47003283]\n",
      " [0.07442203 0.45574414 0.46983383]\n",
      " [0.07430434 0.45656862 0.46912705]\n",
      " [0.07425088 0.45694303 0.46880609]\n",
      " [0.07423445 0.4570579  0.46870764]\n",
      " [0.07422146 0.45714878 0.46862975]\n",
      " [0.07392144 0.45924788 0.46683068]\n",
      " [0.07415546 0.45760888 0.46823567]\n",
      " [0.07405697 0.45829799 0.46764504]\n",
      " [0.07403153 0.45847615 0.46749232]\n",
      " [0.07398928 0.458772   0.46723873]\n",
      " [0.07401312 0.45860542 0.46738146]\n",
      " [0.07406751 0.45822423 0.46770826]\n",
      " [0.07412722 0.45780649 0.46806629]\n",
      " [0.07412924 0.45779265 0.46807812]\n",
      " [0.07415884 0.45758586 0.46825531]\n",
      " [0.07412597 0.45781604 0.46805799]\n",
      " [0.07414426 0.45768805 0.4681677 ]\n",
      " [0.0740202  0.45855651 0.46742329]\n",
      " [0.07403421 0.45845741 0.46750839]\n",
      " [0.07404522 0.45838004 0.46757474]\n",
      " [0.07411423 0.45789692 0.46798885]\n",
      " [0.07408834 0.45807806 0.4678336 ]\n",
      " [0.07410368 0.45797092 0.4679254 ]\n",
      " [0.07413211 0.45777207 0.46809582]\n",
      " [0.07412352 0.45783243 0.46804405]\n",
      " [0.07435695 0.456197   0.46944605]\n",
      " [0.07418382 0.45740902 0.46840717]\n",
      " [0.07428917 0.45667122 0.46903961]\n",
      " [0.07430831 0.45653805 0.46915365]\n",
      " [0.07419137 0.45735647 0.46845216]\n",
      " [0.07423784 0.45703111 0.46873105]\n",
      " [0.07417732 0.45745499 0.46836769]\n",
      " [0.07422925 0.45709142 0.46867933]\n",
      " [0.07428018 0.4567353  0.46898452]\n",
      " [0.07428539 0.45669903 0.46901559]\n",
      " [0.07431035 0.45652459 0.46916506]\n",
      " [0.07428765 0.45668357 0.46902877]\n",
      " [0.0742746  0.45677505 0.46895035]\n",
      " [0.07420826 0.45723895 0.46855279]\n",
      " [0.07426853 0.45681728 0.46891419]\n",
      " [0.07427439 0.45677633 0.46894927]\n",
      " [0.07432269 0.45643823 0.46923908]\n",
      " [0.07435154 0.45623625 0.46941221]\n",
      " [0.0743885  0.45597764 0.46963386]\n",
      " [0.07445842 0.45548807 0.47005351]\n",
      " [0.0744475  0.45556459 0.46998791]\n",
      " [0.07446849 0.45541776 0.47011375]\n",
      " [0.0744552  0.4555105  0.4700343 ]\n",
      " [0.07448681 0.45528962 0.47022357]\n",
      " [0.0744364  0.45564229 0.46992131]\n",
      " [0.07445073 0.45554221 0.47000706]\n",
      " [0.07442242 0.4557405  0.46983708]\n",
      " [0.0743982  0.45591024 0.46969157]\n",
      " [0.07440034 0.45589519 0.46970446]\n",
      " [0.07440884 0.45583664 0.46975452]\n",
      " [0.07428742 0.45668654 0.46902604]\n",
      " [0.07431451 0.45649702 0.46918847]\n",
      " [0.07431384 0.45650149 0.46918467]\n",
      " [0.07431027 0.4565266  0.46916313]\n",
      " [0.07427385 0.45678186 0.46894429]\n",
      " [0.07427983 0.45673984 0.46898033]\n",
      " [0.07417528 0.45747168 0.46835304]\n",
      " [0.07418583 0.45739771 0.46841646]\n",
      " [0.07410856 0.45793912 0.46795232]\n",
      " [0.07415521 0.45761271 0.46823208]\n",
      " [0.07414434 0.4576889  0.46816676]\n",
      " [0.07411898 0.45786655 0.46801447]\n",
      " [0.07395179 0.45903737 0.46701084]\n",
      " [0.07401833 0.45857152 0.46741015]\n",
      " [0.07395411 0.45902086 0.46702503]\n",
      " [0.07399269 0.45875029 0.46725702]\n",
      " [0.07403349 0.45846413 0.46750238]\n",
      " [0.07401697 0.45858    0.46740303]\n",
      " [0.07405677 0.45830158 0.46764165]\n",
      " [0.07399847 0.45870993 0.4672916 ]\n",
      " [0.07401054 0.45862533 0.46736413]\n",
      " [0.07411545 0.45789029 0.46799426]\n",
      " [0.074179   0.45744608 0.46837492]\n",
      " [0.07420012 0.45729871 0.46850117]\n",
      " [0.0741906  0.45736547 0.46844392]\n",
      " [0.07429026 0.45666759 0.46904214]\n",
      " [0.07432811 0.45640264 0.46926926]\n",
      " [0.0742415  0.45700827 0.46875023]\n",
      " [0.07425855 0.45688878 0.46885267]\n",
      " [0.07436561 0.45613943 0.46949496]\n",
      " [0.07429836 0.45660943 0.46909221]\n",
      " [0.07431552 0.45648947 0.469195  ]\n",
      " [0.07434193 0.45630502 0.46935305]\n",
      " [0.0742756  0.45676928 0.46895512]\n",
      " [0.07431453 0.45649688 0.46918859]\n",
      " [0.07439664 0.45592427 0.46967909]\n",
      " [0.0742395  0.45702603 0.46873447]\n",
      " [0.07395896 0.45898958 0.46705146]\n",
      " [0.07401386 0.45860564 0.4673805 ]\n",
      " [0.07404965 0.45835502 0.46759533]\n",
      " [0.07406648 0.45823795 0.46769557]\n",
      " [0.07413689 0.45774435 0.46811876]\n",
      " [0.07424307 0.45700151 0.46875542]\n",
      " [0.07429085 0.45666667 0.46904248]\n",
      " [0.07426832 0.45682469 0.46890699]\n",
      " [0.07431589 0.45649201 0.4691921 ]\n",
      " [0.07428585 0.45670245 0.4690117 ]\n",
      " [0.07427933 0.4567478  0.46897287]\n",
      " [0.07436944 0.45611665 0.4695139 ]\n",
      " [0.07436365 0.45615757 0.46947878]\n",
      " [0.0743852  0.45600683 0.46960797]\n",
      " [0.07440662 0.45585847 0.46973491]\n",
      " [0.07447126 0.45540645 0.47012229]\n",
      " [0.07441614 0.45579129 0.46979257]\n",
      " [0.07446966 0.45541635 0.47011399]\n",
      " [0.0742401  0.45702206 0.46873784]\n",
      " [0.07424845 0.45696367 0.46878788]\n",
      " [0.07432658 0.45641793 0.46925549]\n",
      " [0.07440774 0.45585067 0.46974159]\n",
      " [0.07445911 0.45548949 0.47005139]\n",
      " [0.07448449 0.45531046 0.47020505]\n",
      " [0.07441619 0.4557896  0.46979421]\n",
      " [0.07448743 0.45529027 0.47022231]\n",
      " [0.07436874 0.4561215  0.46950976]\n",
      " [0.07443009 0.45569147 0.46987844]\n",
      " [0.07441315 0.45580993 0.46977691]\n",
      " [0.07440632 0.45585865 0.46973503]\n",
      " [0.0743561  0.45620932 0.46943458]\n",
      " [0.07438813 0.45598509 0.46962679]\n",
      " [0.07437783 0.45605693 0.46956523]\n",
      " [0.07429627 0.45662743 0.4690763 ]\n",
      " [0.07417468 0.45747952 0.4683458 ]\n",
      " [0.07413862 0.45773152 0.46812987]\n",
      " [0.07412138 0.45785189 0.46802673]\n",
      " [0.07412232 0.45784566 0.46803203]\n",
      " [0.07409292 0.45805222 0.46785486]\n",
      " [0.07411887 0.45787079 0.46801034]\n",
      " [0.07418718 0.4573924  0.46842042]\n",
      " [0.07414409 0.45769433 0.46816158]\n",
      " [0.07416689 0.45753448 0.46829863]\n",
      " [0.07417123 0.45750386 0.46832491]\n",
      " [0.07417612 0.45747006 0.46835382]\n",
      " [0.07416534 0.45754529 0.46828937]\n",
      " [0.07410763 0.4579496  0.46794277]\n",
      " [0.07416248 0.45756505 0.46827247]\n",
      " [0.07414414 0.45769363 0.46816223]\n",
      " [0.07421846 0.45717405 0.46860749]\n",
      " [0.07415414 0.45762311 0.46822275]\n",
      " [0.07418036 0.45743986 0.46837978]\n",
      " [0.07419884 0.45731055 0.46849061]\n",
      " [0.07423468 0.45705895 0.46870637]\n",
      " [0.07422297 0.45714098 0.46863605]\n",
      " [0.07432521 0.45642516 0.46924963]\n",
      " [0.07438488 0.45600698 0.46960814]\n",
      " [0.07445765 0.45549708 0.47004526]\n",
      " [0.07446411 0.45545123 0.47008466]\n",
      " [0.07448721 0.45529044 0.47022234]\n",
      " [0.07453069 0.45498659 0.47048272]\n",
      " [0.074474   0.45538334 0.47014266]\n",
      " [0.07483621 0.45284599 0.47231781]\n",
      " [0.07473238 0.45357214 0.47169548]\n",
      " [0.07476336 0.45335529 0.47188135]\n",
      " [0.07472224 0.45364305 0.47163471]\n",
      " [0.07478951 0.4531721  0.4720384 ]\n",
      " [0.07464816 0.45416111 0.47119074]\n",
      " [0.0746619  0.45406495 0.47127314]\n",
      " [0.07473953 0.45352169 0.47173878]\n",
      " [0.07489602 0.4524272  0.47267677]\n",
      " [0.07480432 0.4530691  0.47212658]\n",
      " [0.07482198 0.45294548 0.47223254]\n",
      " [0.07487062 0.45260495 0.47252443]\n",
      " [0.07487288 0.45258926 0.47253787]\n",
      " [0.0749004  0.45239688 0.47270272]\n",
      " [0.07490239 0.45238301 0.4727146 ]\n",
      " [0.07491759 0.45227656 0.47280584]\n",
      " [0.07490927 0.45233469 0.47275604]\n",
      " [0.0748816  0.45252752 0.47259088]\n",
      " [0.07487238 0.45259174 0.47253588]\n",
      " [0.07489782 0.45241399 0.47268819]\n",
      " [0.07491846 0.45226941 0.47281213]\n",
      " [0.074891   0.45246298 0.47264602]\n",
      " [0.0749585  0.45199087 0.47305063]\n",
      " [0.07504351 0.45139623 0.47356026]\n",
      " [0.07505874 0.45128975 0.47365151]\n",
      " [0.0750551  0.45131509 0.47362981]\n",
      " [0.07504354 0.45139641 0.47356005]\n",
      " [0.07499095 0.45176409 0.47324496]\n",
      " [0.07499724 0.45171992 0.47328284]\n",
      " [0.0750214  0.45155173 0.47342688]\n",
      " [0.07495828 0.45199273 0.47304899]\n",
      " [0.07489154 0.45245944 0.47264902]\n",
      " [0.07492231 0.45224575 0.47283194]\n",
      " [0.07480149 0.45309039 0.47210812]\n",
      " [0.07478681 0.45319344 0.47201975]\n",
      " [0.07473502 0.45355561 0.47170938]\n",
      " [0.07465218 0.45413562 0.47121219]\n",
      " [0.07465023 0.45414931 0.47120046]\n",
      " [0.07468821 0.45388379 0.471428  ]\n",
      " [0.07468434 0.45391094 0.47140472]\n",
      " [0.07476194 0.45336865 0.47186941]\n",
      " [0.07471321 0.45370919 0.4715776 ]\n",
      " [0.07472213 0.4536469  0.47163096]\n",
      " [0.07473084 0.45358556 0.4716836 ]\n",
      " [0.07476074 0.45337613 0.47186313]\n",
      " [0.07477334 0.4532883  0.47193835]\n",
      " [0.07489738 0.45241988 0.47268274]\n",
      " [0.07490003 0.45240162 0.47269835]\n",
      " [0.07493258 0.45217362 0.4728938 ]\n",
      " [0.07485574 0.4527109  0.47243336]\n",
      " [0.07487064 0.45260714 0.47252222]\n",
      " [0.07487442 0.45258089 0.47254469]\n",
      " [0.07491209 0.45231727 0.47277064]\n",
      " [0.07489355 0.45244657 0.47265988]\n",
      " [0.07497298 0.45189024 0.47313678]\n",
      " [0.07502742 0.45150923 0.47346335]\n",
      " [0.07503125 0.45148339 0.47348536]\n",
      " [0.07504956 0.45135603 0.47359441]\n",
      " [0.07498081 0.45183721 0.47318198]\n",
      " [0.07481435 0.45300082 0.47218483]\n",
      " [0.07469453 0.45383875 0.47146672]\n",
      " [0.07468911 0.45387588 0.47143501]\n",
      " [0.07471548 0.45369071 0.47159381]\n",
      " [0.07472151 0.45364783 0.47163066]\n",
      " [0.07510056 0.45099415 0.47390529]\n",
      " [0.0750463  0.45137376 0.47357994]\n",
      " [0.07505289 0.45132785 0.47361925]\n",
      " [0.07515028 0.45064625 0.47420346]\n",
      " [0.07511496 0.45089337 0.47399167]\n",
      " [0.07505923 0.4512828  0.47365797]\n",
      " [0.07508811 0.45108075 0.47383114]\n",
      " [0.07506285 0.45125713 0.47368002]\n",
      " [0.07507062 0.45120276 0.47372661]\n",
      " [0.07512396 0.45082909 0.47404695]\n",
      " [0.07512588 0.45081512 0.47405901]\n",
      " [0.07511028 0.45092392 0.4739658 ]\n",
      " [0.07513896 0.45072376 0.47413728]\n",
      " [0.07516698 0.45052766 0.47430537]\n",
      " [0.07520294 0.45027619 0.47452087]\n",
      " [0.07523114 0.45007843 0.47469043]\n",
      " [0.07517631 0.45046172 0.47436197]\n",
      " [0.07512635 0.45081097 0.47406268]\n",
      " [0.07516659 0.45053063 0.47430278]\n",
      " [0.0751775  0.45045368 0.47436882]\n",
      " [0.07520778 0.45024204 0.47455018]\n",
      " [0.07529057 0.44966234 0.47504709]\n",
      " [0.0752923  0.44964986 0.47505784]\n",
      " [0.07517128 0.45049556 0.47433317]\n",
      " [0.0751192  0.45086032 0.47402048]\n",
      " [0.07514395 0.45068704 0.47416901]\n",
      " [0.07518588 0.45039353 0.47442059]\n",
      " [0.07509451 0.45103261 0.47387287]\n",
      " [0.07514261 0.45069719 0.4741602 ]\n",
      " [0.07514988 0.45064619 0.47420393]\n",
      " [0.07515714 0.45059535 0.47424751]]\n"
     ]
    },
    {
     "name": "stderr",
     "output_type": "stream",
     "text": [
      "C:\\Users\\nlahanis\\AppData\\Local\\Temp\\ipykernel_11944\\3025884619.py:53: FutureWarning: Downcasting object dtype arrays on .fillna, .ffill, .bfill is deprecated and will change in a future version. Call result.infer_objects(copy=False) instead. To opt-in to the future behavior, set `pd.set_option('future.no_silent_downcasting', True)`\n",
      "  close_price_df[ticker] = (close_price_df['Close'] / close_price_df['Close'].shift(1)).fillna(1)\n"
     ]
    }
   ],
   "source": [
    "# INITIALIZATION\n",
    "folder_path = 'C:\\\\Users\\\\nlahanis\\\\OneDrive - Huron Consulting Group\\\\Documents\\\\NYU\\\\Research\\\\Online-Quantitative-Trading-Strategies\\\\Data'\n",
    "tickers = ['aapl', 'msft', 'goog']  # List of tickers you want to process\n",
    "b = initialize_portfolio(len(tickers))\n",
    "\n",
    "# Calculate the relative price vectors for each stock\n",
    "price_relative_vectors = calculate_price_relative_vectors(folder_path, tickers)\n",
    "price_relative_vectors_array = np.array(price_relative_vectors)\n",
    "\n",
    "# PORTFOLIO STRATEGY HERE\n",
    "b_n = aggregation_based(b, price_relative_vectors_array)\n",
    "\n",
    "# Calculate final cumulative wealth after n periods\n",
    "Sn = calculate_cumulative_wealth(b_n, np.array(price_relative_vectors))\n",
    "\n",
    "# Calculate exponential growth rate\n",
    "Wn = calculate_exponential_growth_rate(Sn, len(price_relative_vectors))"
   ]
  }
 ],
 "metadata": {
  "kernelspec": {
   "display_name": "Python 3",
   "language": "python",
   "name": "python3"
  },
  "language_info": {
   "codemirror_mode": {
    "name": "ipython",
    "version": 3
   },
   "file_extension": ".py",
   "mimetype": "text/x-python",
   "name": "python",
   "nbconvert_exporter": "python",
   "pygments_lexer": "ipython3",
   "version": "3.13.0"
  }
 },
 "nbformat": 4,
 "nbformat_minor": 2
}
