{
 "cells": [
  {
   "cell_type": "code",
   "execution_count": 72,
   "metadata": {
    "metadata": {}
   },
   "outputs": [],
   "source": [
    "#Library Imports\n",
    "import pandas as pd\n",
    "import numpy as np\n",
    "import pandas as pd\n",
    "import os"
   ]
  },
  {
   "cell_type": "code",
   "execution_count": 73,
   "metadata": {},
   "outputs": [],
   "source": [
    "#PRICING STRATEGIES\n",
    "\n",
    "#BENCHMARKS\n",
    "\n",
    "#Strategy 1\n",
    "def buy_and_hold(b, price_relative_vectors):\n",
    "    \n",
    "    # Initialize an array to hold portfolio weights over time\n",
    "    b_n = np.zeros_like(price_relative_vectors)\n",
    "    \n",
    "    # Set initial allocation\n",
    "    b_n[0] = b\n",
    "    \n",
    "    # Calculate portfolio evolution without rebalancing\n",
    "    for i in range(1, len(price_relative_vectors)):\n",
    "        # The portfolio grows according to the price relatives\n",
    "        b_n[i] = b_n[i-1] * price_relative_vectors[i-1]\n",
    "        \n",
    "        # Normalize to get portfolio weights (optional, if you want to track relative proportions)\n",
    "        b_n[i] /= np.sum(b_n[i])\n",
    "    \n",
    "    return b_n\n",
    "\n",
    "#Strategy 2\n",
    "def best_stock(b, price_relative_vectors):\n",
    "    b_n = np.zeros_like(price_relative_vectors)  # Initialize portfolio weights to zeros\n",
    "    b_n[0,:] = np.ones(len(b)) / len(b)\n",
    "\n",
    "    for i in range(1, len(price_relative_vectors)):\n",
    "        # Find the index of the stock with the highest price relative in the current period\n",
    "        best_stock_index = np.argmax(price_relative_vectors[i-1])\n",
    "        \n",
    "        # Allocate all the weight to the best stock for that period\n",
    "        b_n[i, best_stock_index] = 1\n",
    "    \n",
    "    return b_n\n",
    "\n",
    "#Strategy 3\n",
    "def constant_rebalancing(b, price_relative_vectors):\n",
    "    return np.array([b for _ in range(len(price_relative_vectors))])\n",
    "\n",
    "\n",
    "#FOLLOW-THE-WINNER\n",
    "\n",
    "#Strategy 4\n",
    "\n",
    "def universal_portfolios(b, price_relative_vectors):\n",
    "    T, N = price_relative_vectors.shape  # T is the number of time periods, N is the number of stocks\n",
    "    portfolios = np.random.dirichlet(np.ones(N), N)  # Initialize random portfolios on simplex\n",
    "    portfolio_weights = np.zeros((T, N))  # To store the universal portfolio's weights over time\n",
    "    \n",
    "    # Initialize wealth for each portfolio\n",
    "    wealth = np.ones(N)\n",
    "    \n",
    "    for t in range(T):\n",
    "        # Update wealth for each portfolio based on the price relatives for time t\n",
    "        wealth *= portfolios.dot(price_relative_vectors[t-1])\n",
    "        \n",
    "        # Compute the average portfolio weights (weighted by their wealth)\n",
    "        average_weights = np.average(portfolios, axis=0, weights=wealth)\n",
    "        \n",
    "        # Store the universal portfolio's weights for time t\n",
    "        portfolio_weights[t] = average_weights\n",
    "    \n",
    "    return portfolio_weights\n",
    "\n",
    "#Strategy 5\n",
    "\n",
    "def exponential_gradient(b, price_relative_vectors, learning_rate = .5):\n",
    "\n",
    "    T, N = price_relative_vectors.shape  # T is the number of time periods, N is the number of assets\n",
    "    b_n = np.zeros_like(price_relative_vectors)  # To store portfolio weights over time\n",
    "    b_n[0] = b  # Set initial portfolio allocation\n",
    "\n",
    "    for t in range(T - 1):\n",
    "        # Calculate the portfolio return at time t\n",
    "        portfolio_return = np.dot(b_n[t], price_relative_vectors[t])\n",
    "\n",
    "        for i in range(N):\n",
    "            # Apply Helmbold's update rule for each asset\n",
    "            b_n[t + 1, i] = b_n[t, i] * (learning_rate * (price_relative_vectors[t, i] / portfolio_return - 1) + 1)\n",
    "        \n",
    "        # Normalize the portfolio weights to sum to 1 after the update\n",
    "        b_n[t + 1] /= np.sum(b_n[t + 1])\n",
    "\n",
    "    return b_n\n",
    "    \n",
    "#Strategy 6\n",
    "def follow_the_leader(b, price_relative_vectors, gamma = .5):\n",
    "    T, N = price_relative_vectors.shape  # T is the number of time periods, N is the number of assets\n",
    "    b_n = np.zeros_like(price_relative_vectors)  # Initialize portfolio weights over time\n",
    "    b_n[0] = b  # Set initial allocation\n",
    "    \n",
    "    # Iterate over time periods\n",
    "    for t in range(1, T):\n",
    "        # Compute the BCRP up to time t (by maximizing the log cumulative return)\n",
    "        cumulative_log_returns = np.sum(np.log(price_relative_vectors[:t]), axis=0)  # Sum log returns up to t\n",
    "        b_star = np.exp(cumulative_log_returns)  # Exponentiate to get the proportional weights\n",
    "        b_star /= np.sum(b_star)  # Normalize to ensure portfolio sums to 1\n",
    "        \n",
    "        # Update portfolio using the convex combination of b_star and b_t with parameter gamma\n",
    "        b_n[t] = (1 - gamma) * b_star + gamma * b_n[t - 1]\n",
    "        \n",
    "        # Normalize again to ensure the portfolio sums to 1 (optional but helps maintain valid portfolio)\n",
    "        b_n[t] /= np.sum(b_n[t])\n",
    "\n",
    "    return b_n\n",
    "\n",
    "#Strategy 7\n",
    "\n",
    "# Helper function: Project a vector onto the simplex\n",
    "def project_to_simplex(v):\n",
    "    \"\"\" Project the vector v onto the probability simplex (sum to 1 and all entries >= 0) \"\"\"\n",
    "    n = len(v)\n",
    "    u = np.sort(v)[::-1]\n",
    "    cssv = np.cumsum(u) - 1\n",
    "    rho = np.nonzero(u > cssv / np.arange(1, n+1))[0][-1]\n",
    "    theta = cssv[rho] / (rho + 1.0)\n",
    "    return np.maximum(v - theta, 0)\n",
    "\n",
    "# Online Newton Step (ONS) with L2-regularization\n",
    "def follow_the_regularized_leader(b, price_relative_vectors, beta=.1, delta=0.5):\n",
    "    T, N = price_relative_vectors.shape  # T is the number of time periods, N is the number of assets\n",
    "    b_n = np.zeros_like(price_relative_vectors)  # Initialize portfolio weights over time\n",
    "    b_n[0] = b  # Equal allocation initially\n",
    "    \n",
    "    # Initialize A_t as the identity matrix\n",
    "    A_t = np.eye(N)\n",
    "    \n",
    "    for t in range(1, T):\n",
    "        # Calculate portfolio return at time t\n",
    "        portfolio_return = np.dot(b_n[t - 1], price_relative_vectors[t - 1])\n",
    "        \n",
    "        # Compute the price relatives outer product for A_t update\n",
    "        x_t = price_relative_vectors[t - 1]\n",
    "        A_t += np.outer(x_t, x_t) / (portfolio_return ** 2) + np.eye(N)\n",
    "        \n",
    "        # Compute p_t (the gradient-like vector)\n",
    "        p_t = (1 + (1 / beta)) * np.sum([x_t / (np.dot(b_n[τ], price_relative_vectors[τ])) for τ in range(t)], axis=0)\n",
    "        \n",
    "        # Compute the next portfolio using the ONS update rule\n",
    "        b_n[t] = np.dot(np.linalg.inv(A_t), p_t) * delta\n",
    "        \n",
    "        # Project the updated portfolio onto the simplex to ensure it's valid\n",
    "        b_n[t] = project_to_simplex(b_n[t])\n",
    "    \n",
    "    return b_n\n",
    "\n",
    "\n",
    "#Strategy 8\n",
    "# Aggregating Algorithm (AA) by Vovk and Watkins\n",
    "def aggregation_based(b, price_relative_vectors, learning_rate=0.5):\n",
    "    T, N = price_relative_vectors.shape  # T is the number of time periods, N is the number of assets\n",
    "    b_n = np.zeros_like(price_relative_vectors)  # Initialize portfolio weights over time\n",
    "    b_n[0] = b  # Set initial portfolio allocation\n",
    "    \n",
    "    # Generate a set of base portfolios (experts) using Dirichlet distribution for diversity\n",
    "    base_portfolios = np.random.dirichlet(np.ones(N), N)\n",
    "    \n",
    "    # Initialize the prior weights P_0(db) (uniform over the base portfolios)\n",
    "    prior_weights = np.ones(N) / N\n",
    "    \n",
    "    for t in range(T):\n",
    "        # Compute the performance of each base portfolio up to time t\n",
    "        portfolio_performance = np.prod([np.dot(base_portfolios, price_relative_vectors[i]) for i in range(t)], axis=0)\n",
    "        \n",
    "        # Update the weights of the base portfolios based on their performance\n",
    "        adjusted_weights = prior_weights * portfolio_performance**learning_rate\n",
    "        # Normalize the weights\n",
    "        adjusted_weights /= np.sum(adjusted_weights)\n",
    "        \n",
    "        # Compute the new portfolio as a weighted average of the base portfolios\n",
    "        b_n[t] = np.dot(adjusted_weights, base_portfolios)\n",
    "    \n",
    "    return b_n\n",
    "\n",
    "\n",
    "\n",
    "\n"
   ]
  },
  {
   "cell_type": "code",
   "execution_count": 74,
   "metadata": {},
   "outputs": [],
   "source": [
    "def initialize_portfolio(m):\n",
    "    return np.ones(m) / m\n",
    "\n",
    "def calculate_price_relative_vectors(folder_path, tickers):\n",
    "    \"\"\"\n",
    "    Function to calculate the price relative vector for multiple stocks and return them side by side.\n",
    "\n",
    "    Parameters:\n",
    "    folder_path (str): The path to the folder containing the stock data.\n",
    "    tickers (list): List of stock tickers to process.\n",
    "\n",
    "    Returns:\n",
    "    pd.DataFrame: A dataframe containing price relative vectors for each stock.\n",
    "    \"\"\"\n",
    "\n",
    "    # Get list of all folder names that start with 'allstocks'\n",
    "    folder_names = [name for name in os.listdir(folder_path) \n",
    "                    if os.path.isdir(os.path.join(folder_path, name)) and name.startswith('allstocks')]\n",
    "\n",
    "    # Initialize an empty dataframe to store price relative vectors for all tickers\n",
    "    price_relative_df = pd.DataFrame()\n",
    "\n",
    "    # Column names expected in the CSV files\n",
    "    column_names = ['Date', 'Time', 'Open', 'High', 'Low', 'Close', 'Volume', 'Split Factor', 'Earnings', 'Dividends']\n",
    "\n",
    "    # Loop through each ticker\n",
    "    for ticker in tickers:\n",
    "        # Initialize an empty dataframe for the current ticker\n",
    "        close_price_df = pd.DataFrame(columns=['Ticker', 'Date', 'Close'])\n",
    "\n",
    "        # Loop through each folder (date)\n",
    "        for date in folder_names: \n",
    "            stock_file = 'table_' + ticker + '.csv'\n",
    "            file_path = os.path.join(folder_path, date, stock_file)\n",
    "\n",
    "            # Load Data\n",
    "            iter_df = pd.read_csv(file_path)\n",
    "            iter_df.columns = column_names\n",
    "\n",
    "            # Get Closing Price at End of Day\n",
    "            last_row = iter_df[['Date', 'Close']].iloc[-1]\n",
    "            last_row['Ticker'] = ticker\n",
    "\n",
    "            # Append to the dataframe\n",
    "            close_price_df = pd.concat([close_price_df, last_row.to_frame().T], ignore_index=True)\n",
    "\n",
    "        # Convert Date to datetime and set as index\n",
    "        close_price_df['Date'] = close_price_df['Date'].astype(int)\n",
    "        close_price_df['Date'] = pd.to_datetime(close_price_df['Date'], format='%Y%m%d')\n",
    "        close_price_df.set_index('Date', inplace=True)\n",
    "\n",
    "        # Calculate Price Relative Vector\n",
    "        close_price_df[ticker] = (close_price_df['Close'] / close_price_df['Close'].shift(1)).fillna(1)\n",
    "\n",
    "        # Add the ticker's price relative vector to the final dataframe\n",
    "        if price_relative_df.empty:\n",
    "            price_relative_df = close_price_df[[ticker]]\n",
    "        else:\n",
    "            price_relative_df = price_relative_df.join(close_price_df[[ticker]], how='outer')\n",
    "\n",
    "    return price_relative_df\n",
    "\n",
    "def calculate_period_return(b_t, x_t):\n",
    "    \"\"\"\n",
    "    Calculate the return of the portfolio in a single period.\n",
    "    \n",
    "    Parameters:\n",
    "    b_t : array-like\n",
    "        Portfolio vector at time t.\n",
    "    x_t : array-like\n",
    "        Price relative vector at time t.\n",
    "    \n",
    "    Returns:\n",
    "    float : Portfolio period return\n",
    "    \"\"\"\n",
    "    return np.dot(b_t, x_t)\n",
    "\n",
    "def calculate_cumulative_wealth(b_n_1, price_relative_vectors, S0=1):\n",
    "    \"\"\"\n",
    "    Calculate the cumulative wealth over n periods given a portfolio strategy.\n",
    "    \n",
    "    Parameters:\n",
    "    b_n_1 : list of portfolio vectors\n",
    "        A list of portfolio vectors for each period.\n",
    "    price_relative_vectors : array-like\n",
    "        A matrix of price relative vectors for each period.\n",
    "    S0 : float, optional\n",
    "        Initial wealth (default is 1).\n",
    "    \n",
    "    Returns:\n",
    "    float : Cumulative wealth after n periods.\n",
    "    \"\"\"\n",
    "    cumulative_wealth = S0\n",
    "    for t, x_t in enumerate(price_relative_vectors):\n",
    "        # Calculate portfolio return for period t\n",
    "        period_return = calculate_period_return(b_n_1[t], x_t)\n",
    "        # Update cumulative wealth\n",
    "        cumulative_wealth *= period_return\n",
    "    return cumulative_wealth\n",
    "\n",
    "def calculate_exponential_growth_rate(Sn, n, S0=1):\n",
    "    \"\"\"\n",
    "    Calculate the exponential growth rate (Wn) after n periods.\n",
    "    \n",
    "    Parameters:\n",
    "    Sn : float\n",
    "        Final cumulative wealth.\n",
    "    n : int\n",
    "        Number of periods.\n",
    "    \n",
    "    Returns:\n",
    "    float : Exponential growth rate.\n",
    "    \"\"\"\n",
    "    return (1 / n) * np.log(Sn / S0)\n"
   ]
  },
  {
   "cell_type": "code",
   "execution_count": 75,
   "metadata": {},
   "outputs": [
    {
     "name": "stdout",
     "output_type": "stream",
     "text": [
      "[[0.36923816 0.24448656 0.38627528]\n",
      " [0.36923816 0.24448656 0.38627528]\n",
      " [0.36903142 0.2445606  0.38640798]\n",
      " [0.36990247 0.24430708 0.38579045]\n",
      " [0.37019507 0.244225   0.38557993]\n",
      " [0.37005931 0.24427242 0.38566826]\n",
      " [0.37001059 0.24429105 0.38569836]\n",
      " [0.36942322 0.24454869 0.38602809]\n",
      " [0.36938504 0.24450802 0.38610694]\n",
      " [0.3691049  0.24462062 0.38627448]\n",
      " [0.36915026 0.2446118  0.38623794]\n",
      " [0.36917381 0.24461383 0.38621237]\n",
      " [0.36951624 0.24449819 0.38598557]\n",
      " [0.3691555  0.24460198 0.38624252]\n",
      " [0.36947687 0.24448502 0.3860381 ]\n",
      " [0.36974889 0.24439701 0.3858541 ]\n",
      " [0.37016134 0.24425756 0.38558111]\n",
      " [0.37027193 0.24422939 0.38549868]\n",
      " [0.37030016 0.24421616 0.38548368]\n",
      " [0.37035208 0.24422758 0.38542034]\n",
      " [0.3693587  0.24454441 0.38609689]\n",
      " [0.36909261 0.24462758 0.38627982]\n",
      " [0.36918057 0.24458361 0.38623582]\n",
      " [0.36905686 0.24462931 0.38631383]\n",
      " [0.36932391 0.24453989 0.3861362 ]\n",
      " [0.36950988 0.24447359 0.38601654]\n",
      " [0.36971999 0.2444079  0.3858721 ]\n",
      " [0.36873341 0.24467257 0.38659402]\n",
      " [0.36919232 0.24456429 0.38624339]\n",
      " [0.36896251 0.24461435 0.38642314]\n",
      " [0.36968852 0.2443765  0.38593498]\n",
      " [0.36972614 0.24439092 0.38588293]\n",
      " [0.36967473 0.24439695 0.38592832]\n",
      " [0.3699488  0.24432245 0.38572875]\n",
      " [0.36990736 0.24432404 0.3857686 ]\n",
      " [0.3702946  0.24418791 0.3855175 ]\n",
      " [0.37045766 0.24413424 0.3854081 ]\n",
      " [0.37074192 0.2440371  0.38522097]\n",
      " [0.37085443 0.24400601 0.38513957]\n",
      " [0.37096694 0.24397272 0.38506034]\n",
      " [0.37056234 0.24411805 0.38531961]\n",
      " [0.3707947  0.24402964 0.38517566]\n",
      " [0.37086463 0.2440058  0.38512957]\n",
      " [0.37079674 0.24401677 0.38518649]\n",
      " [0.3707938  0.24401121 0.385195  ]\n",
      " [0.37081061 0.24399746 0.38519193]\n",
      " [0.37062623 0.24404105 0.38533272]\n",
      " [0.37069782 0.24402048 0.38528171]\n",
      " [0.37078265 0.24398844 0.38522891]\n",
      " [0.37049818 0.24408301 0.38541881]\n",
      " [0.37084321 0.24396486 0.38519193]\n",
      " [0.37076966 0.24399991 0.38523042]\n",
      " [0.37096664 0.24393328 0.38510007]\n",
      " [0.37114808 0.24388126 0.38497067]\n",
      " [0.37136861 0.24381571 0.38481567]\n",
      " [0.37135285 0.2438203  0.38482684]\n",
      " [0.37223301 0.24353505 0.38423194]\n",
      " [0.37245302 0.24349149 0.3840555 ]\n",
      " [0.37253969 0.24345748 0.38400283]\n",
      " [0.37234761 0.24351952 0.38413287]\n",
      " [0.37249554 0.24347266 0.3840318 ]\n",
      " [0.37281292 0.24337858 0.3838085 ]\n",
      " [0.37267263 0.24342245 0.38390492]\n",
      " [0.37277766 0.24341211 0.38381023]\n",
      " [0.3726284  0.24345786 0.38391374]\n",
      " [0.37318402 0.24329613 0.38351985]\n",
      " [0.37335572 0.24323031 0.38341397]\n",
      " [0.37346262 0.24319828 0.3833391 ]\n",
      " [0.3735697  0.24316944 0.38326086]\n",
      " [0.37406981 0.24304568 0.38288451]\n",
      " [0.37415268 0.24300404 0.38284328]\n",
      " [0.37385545 0.24311438 0.38303017]\n",
      " [0.37343969 0.24323986 0.38332045]\n",
      " [0.37298737 0.24337659 0.38363604]\n",
      " [0.37316451 0.24332318 0.38351231]\n",
      " [0.37340714 0.24323601 0.38335685]\n",
      " [0.3736188  0.24318084 0.38320036]\n",
      " [0.37352482 0.24320844 0.38326673]\n",
      " [0.37309806 0.24332254 0.3835794 ]\n",
      " [0.37381508 0.2430772  0.38310772]\n",
      " [0.37423723 0.24293636 0.38282641]\n",
      " [0.37440129 0.24288557 0.38271314]\n",
      " [0.37419784 0.24292893 0.38287324]\n",
      " [0.37412475 0.24294404 0.38293121]\n",
      " [0.37363698 0.24312078 0.38324224]\n",
      " [0.37347874 0.24316798 0.38335328]\n",
      " [0.37356588 0.24311596 0.38331816]\n",
      " [0.37298789 0.24331741 0.3836947 ]\n",
      " [0.37311832 0.24327153 0.38361015]\n",
      " [0.37345231 0.24315799 0.3833897 ]\n",
      " [0.37350409 0.24315617 0.38333974]\n",
      " [0.3736366  0.24310474 0.38325866]\n",
      " [0.37561788 0.24244817 0.38193395]\n",
      " [0.37775948 0.2417922  0.38044832]\n",
      " [0.37793837 0.24179679 0.38026484]\n",
      " [0.37844116 0.24162217 0.37993666]\n",
      " [0.37842294 0.24162014 0.37995691]\n",
      " [0.37912409 0.24138985 0.37948606]\n",
      " [0.37851376 0.24157161 0.37991464]\n",
      " [0.37904736 0.24137582 0.37957682]\n",
      " [0.37872004 0.24147106 0.3798089 ]\n",
      " [0.37903581 0.24137401 0.37959018]\n",
      " [0.37933146 0.24126801 0.37940054]\n",
      " [0.37949679 0.24122119 0.37928202]\n",
      " [0.37922896 0.2413092  0.37946184]\n",
      " [0.37884184 0.24141445 0.37974372]\n",
      " [0.3792036  0.24129886 0.37949754]\n",
      " [0.37931336 0.24125865 0.37942799]\n",
      " [0.38079307 0.24077599 0.37843094]\n",
      " [0.3811597  0.24064334 0.37819695]\n",
      " [0.38031416 0.24092892 0.37875693]\n",
      " [0.37991106 0.24104746 0.37904148]\n",
      " [0.37950788 0.24122852 0.37926359]\n",
      " [0.37953135 0.2412191  0.37924955]\n",
      " [0.38069319 0.24082657 0.37848024]\n",
      " [0.38145739 0.24056181 0.3779808 ]\n",
      " [0.37980596 0.24108473 0.37910932]\n",
      " [0.37836597 0.24154457 0.38008945]\n",
      " [0.37957773 0.24116832 0.37925395]\n",
      " [0.37877728 0.24141131 0.37981141]\n",
      " [0.37951462 0.24119928 0.3792861 ]\n",
      " [0.37888981 0.24138768 0.3797225 ]\n",
      " [0.3788465  0.24140541 0.37974809]\n",
      " [0.37973959 0.24111845 0.37914196]\n",
      " [0.37896298 0.24138058 0.37965644]\n",
      " [0.37885199 0.24140938 0.37973863]\n",
      " [0.37867451 0.24146899 0.3798565 ]\n",
      " [0.37838371 0.241581   0.3800353 ]\n",
      " [0.37952101 0.2412404  0.37923859]\n",
      " [0.37902922 0.24140739 0.37956339]\n",
      " [0.3787581  0.24149884 0.37974306]\n",
      " [0.37906434 0.24139966 0.379536  ]\n",
      " [0.37981554 0.24116332 0.37902113]\n",
      " [0.38005205 0.24108114 0.37886681]\n",
      " [0.37992018 0.24110875 0.37897107]\n",
      " [0.38020105 0.24102742 0.37877153]\n",
      " [0.38000449 0.24108597 0.37890954]\n",
      " [0.37977166 0.2411603  0.37906804]\n",
      " [0.3801896  0.24102411 0.3787863 ]\n",
      " [0.37994698 0.24110495 0.37894807]\n",
      " [0.38025646 0.24101757 0.37872596]\n",
      " [0.37972541 0.24117726 0.37909733]\n",
      " [0.37990558 0.24112304 0.37897137]\n",
      " [0.38062496 0.24087418 0.37850085]\n",
      " [0.3794942  0.24125422 0.37925158]\n",
      " [0.37981763 0.24114389 0.37903848]\n",
      " [0.37982594 0.24113714 0.37903692]\n",
      " [0.37914592 0.24134912 0.37950496]\n",
      " [0.37919733 0.24133508 0.37946759]\n",
      " [0.37909094 0.24134695 0.37956211]\n",
      " [0.37858715 0.24149658 0.37991627]\n",
      " [0.3779947  0.2416719  0.3803334 ]\n",
      " [0.37733987 0.24188195 0.38077819]\n",
      " [0.37818669 0.24160354 0.38020976]\n",
      " [0.37855502 0.24147505 0.37996994]\n",
      " [0.3786547  0.24145536 0.37988995]\n",
      " [0.37646398 0.24208288 0.38145314]\n",
      " [0.37647007 0.24210393 0.381426  ]\n",
      " [0.37633431 0.24214086 0.38152484]\n",
      " [0.37645276 0.24211176 0.38143547]\n",
      " [0.37609927 0.24221087 0.38168986]\n",
      " [0.37650561 0.24211118 0.3813832 ]\n",
      " [0.37649625 0.24211116 0.38139259]\n",
      " [0.37636053 0.24213775 0.38150172]\n",
      " [0.37665934 0.24200689 0.38133376]\n",
      " [0.37719413 0.24185471 0.38095116]\n",
      " [0.37713987 0.24186831 0.38099182]\n",
      " [0.37681956 0.24196089 0.38121956]\n",
      " [0.37691598 0.24192929 0.38115473]\n",
      " [0.37705023 0.24187993 0.38106985]\n",
      " [0.37705891 0.24187669 0.3810644 ]\n",
      " [0.37697589 0.2419001  0.38112401]\n",
      " [0.37691496 0.24192159 0.38116345]\n",
      " [0.37619571 0.24215971 0.38164458]\n",
      " [0.37592606 0.2422487  0.38182525]\n",
      " [0.37614717 0.24217179 0.38168103]\n",
      " [0.37588853 0.2422506  0.38186086]\n",
      " [0.37741463 0.24176489 0.38082048]\n",
      " [0.37737704 0.24176214 0.38086082]\n",
      " [0.37726885 0.2417783  0.38095285]\n",
      " [0.3772672  0.24177548 0.38095732]\n",
      " [0.37714093 0.241817   0.38104207]\n",
      " [0.37763793 0.24165931 0.38070275]\n",
      " [0.37763742 0.24167107 0.38069151]\n",
      " [0.37742871 0.241737   0.38083429]\n",
      " [0.37815598 0.2414972  0.38034682]\n",
      " [0.37778874 0.2416296  0.38058166]\n",
      " [0.37781074 0.24163722 0.38055204]\n",
      " [0.3792708  0.24115962 0.37956958]\n",
      " [0.37903867 0.24126115 0.37970018]\n",
      " [0.37940976 0.24114457 0.37944567]\n",
      " [0.37930103 0.24119107 0.3795079 ]\n",
      " [0.37991417 0.24101125 0.37907458]\n",
      " [0.37994134 0.2410029  0.37905576]\n",
      " [0.38013018 0.24093358 0.37893624]\n",
      " [0.38020952 0.2409088  0.37888168]\n",
      " [0.38078556 0.2407058  0.37850864]\n",
      " [0.38051053 0.24080535 0.37868412]\n",
      " [0.38062571 0.24076618 0.3786081 ]\n",
      " [0.38020266 0.24090098 0.37889637]\n",
      " [0.379938   0.24097992 0.37908208]\n",
      " [0.38022794 0.24088352 0.37888853]\n",
      " [0.37950203 0.24109082 0.37940715]\n",
      " [0.37978589 0.2409986  0.37921551]\n",
      " [0.3794398  0.24110321 0.37945699]\n",
      " [0.37934159 0.2411518  0.37950661]\n",
      " [0.37980131 0.24100013 0.37919856]\n",
      " [0.38002571 0.24092685 0.37904744]\n",
      " [0.37985614 0.24097336 0.3791705 ]\n",
      " [0.37946369 0.24110416 0.37943215]\n",
      " [0.37871056 0.24132986 0.37995958]\n",
      " [0.37843813 0.24140581 0.38015606]\n",
      " [0.37934011 0.24111404 0.37954585]\n",
      " [0.38003481 0.24088587 0.37907932]\n",
      " [0.38046888 0.24076077 0.37877035]\n",
      " [0.38012688 0.24090778 0.37896535]\n",
      " [0.3800317  0.24096483 0.37900347]\n",
      " [0.37926325 0.24121431 0.37952244]\n",
      " [0.37856522 0.24143395 0.38000083]\n",
      " [0.37791714 0.24164186 0.38044099]\n",
      " [0.37646713 0.24202623 0.38150664]\n",
      " [0.3766441  0.24198118 0.38137472]\n",
      " [0.3768672  0.24190781 0.38122499]\n",
      " [0.37627972 0.2420757  0.38164459]\n",
      " [0.37645112 0.24202826 0.38152061]\n",
      " [0.37627311 0.24209797 0.38162892]\n",
      " [0.37615645 0.24212918 0.38171437]\n",
      " [0.37593867 0.24220496 0.38185636]\n",
      " [0.37588051 0.24222199 0.3818975 ]\n",
      " [0.37520604 0.24242752 0.38236644]\n",
      " [0.37460134 0.2426219  0.38277676]\n",
      " [0.37436183 0.2427025  0.38293567]\n",
      " [0.37473066 0.24257739 0.38269195]\n",
      " [0.37451997 0.24263902 0.38284101]\n",
      " [0.37446611 0.24264838 0.38288551]\n",
      " [0.37387619 0.24283206 0.38329175]\n",
      " [0.37385789 0.24285015 0.38329196]\n",
      " [0.3738618  0.24286001 0.38327819]\n",
      " [0.37485003 0.24253306 0.38261691]\n",
      " [0.37418629 0.24274441 0.3830693 ]\n",
      " [0.37420796 0.24273071 0.38306133]\n",
      " [0.37334275 0.24299083 0.38366643]\n",
      " [0.37296318 0.24311258 0.38392425]\n",
      " [0.37277055 0.2432016  0.38402786]\n",
      " [0.3734463  0.2429958  0.38355791]\n",
      " [0.37321871 0.24306353 0.38371775]\n",
      " [0.37287192 0.24316579 0.38396229]\n",
      " [0.3732298  0.24307102 0.38369918]\n",
      " [0.37409759 0.24278112 0.3831213 ]\n",
      " [0.37387714 0.24285048 0.38327239]\n",
      " [0.37383311 0.24286303 0.38330386]]\n"
     ]
    }
   ],
   "source": [
    "# INITIALIZATION\n",
    "folder_path = 'C:/Users/nlahanis/OneDrive - Huron Consulting Group/Documents/NYU/Online-Quantitative-Trading-Strategies/Data'\n",
    "tickers = ['aapl', 'msft', 'goog']  # List of tickers you want to process\n",
    "b = initialize_portfolio(len(tickers))\n",
    "\n",
    "# Calculate the relative price vectors for each stock\n",
    "price_relative_vectors = calculate_price_relative_vectors(folder_path, tickers)\n",
    "price_relative_vectors_array = np.array(price_relative_vectors)\n",
    "\n",
    "# PORTFOLIO STRATEGY HERE\n",
    "b_n = aggregation_based(b, price_relative_vectors_array)\n",
    "print(b_n)\n",
    "\n",
    "# Calculate final cumulative wealth after n periods\n",
    "Sn = calculate_cumulative_wealth(b_n, np.array(price_relative_vectors))\n",
    "\n",
    "# Calculate exponential growth rate\n",
    "Wn = calculate_exponential_growth_rate(Sn, len(price_relative_vectors))"
   ]
  }
 ],
 "metadata": {
  "kernelspec": {
   "display_name": "Python 3",
   "language": "python",
   "name": "python3"
  },
  "language_info": {
   "codemirror_mode": {
    "name": "ipython",
    "version": 3
   },
   "file_extension": ".py",
   "mimetype": "text/x-python",
   "name": "python",
   "nbconvert_exporter": "python",
   "pygments_lexer": "ipython3",
   "version": "3.8.8"
  }
 },
 "nbformat": 4,
 "nbformat_minor": 2
}
